64
-24.6947 0.256196 88.6861
-24.7117 0.0569019 87.4695
-24.5959 -0.456267 79.5904
-24.5799 -0.299011 69.5922
-24.5555 -0.639248 59.594
-24.5452 1.30661 49.7838
-25.2426 0.246208 39.8745
-27.4964 0.0690202 30.154
-31.0854 0.474295 20.8312
-34.8145 0.717434 11.5317
-36.2992 1.02467 1.77383
-32.3197 1.07351 -5.40675
-22.8372 0.762794 -6.44475
-15.4306 0.473679 0.155503
-8.94274 0.223731 7.77782
-1.03935 0.197968 13.8368
8.59253 0.0145473 16.464
18.5559 -0.237351 17.4505
28.5767 0.0396785 17.6709
38.5787 0.00712724 17.839
48.576 0.702479 17.9254
58.5378 1.09164 17.8547
68.5332 0.8 17.643
78.4792 1.68156 16.9975
88.4708 2.69596 16.7508
98.2207 3.65943 18.4311
105.322 3.94368 25.2787
106.621 3.44467 34.941
106.688 3.10195 44.87
110.649 3.09551 54.0657
113.611 3.35042 63.6074
112.92 4.60877 73.376
104.906 4.4802 78.2791
95.0316 4.13426 76.7263
88.2993 3.60353 69.6572
83.6153 3.51487 60.7906
77.208 3.335 53.1843
68.0265 2.62023 49.5257
58.1628 3.88841 48.7364
48.18 3.50935 48.2588
38.2624 2.05491 48.2159
28.3745 0.495043 48.4289
18.4058 -0.40966 48.7499
8.40664 -0.831586 48.9412
-1.58057 -1.39252 49.0172
-11.5671 -2.05468 48.9609
-21.5212 -3.09541 49.0071
-31.511 -3.86254 48.9412
-41.4828 -4.78729 49.083
-50.7321 -4.7643 52.3812
-56.4272 -4.32331 60.3767
-57.1851 -3.59387 70.304
-56.4303 -3.57245 80.2722
-54.9507 -4.39349 90.1236
-52.724 -4.64472 99.8532
-47.5172 -3.91068 108.211
-38.8193 -3.00786 112.925
-30.744 -1.94007 110.224
-25.9996 -0.690897 101.542
-24.4807 -0.186372 91.6724
-24.0494 0.410492 81.6594
-23.8659 0.251492 71.6432
-23.8147 0.0574442 66.7389
-23.8147 0.0574442 66.7389
